Problem 0
Accuracy:  0.8490770901194354
TPR:  0.8296089385474861
PPV:  0.792
TNR:  0.8614564831261101
FScore:  0.4051841746248295
Problem 1
Accuracy:  0.8740499457111836
TPR:  0.840782122905028
PPV:  0.8361111111111111
TNR:  0.8952042628774423
FScore:  0.41922005571030646
Problem 2
