Problem 0
Accuracy:  0.44516829533116176
TPR:  0.08100558659217877
PPV:  0.13744075829383887
TNR:  0.6767317939609236
FScore:  0.050966608084358524
Problem 1
Accuracy:  0.8197611292073833
TPR:  0.7821229050279329
PPV:  0.7608695652173914
TNR:  0.8436944937833037
FScore:  0.38567493112947654
Problem 2
Accuracy:  0.8219326818675353
TPR:  0.7737430167597765
PPV:  0.7694444444444445
TNR:  0.8525754884547069
FScore:  0.38579387186629527
Problem 3
