Problem 0
Accuracy:  0.6590662323561346
TPR:  0.5614525139664804
PPV:  0.5614525139664804
TNR:  0.7211367673179396
FScore:  0.2807262569832402
